003970
003971
003974
003983
003987
003988
003991
003993
003997
003998
004005
004008
004009
004012
004013
004014
004016
004017
004019
004023
004028
004033
004034
004035
004037
004046
004052
004058
004067
004091
004092
004093
004095
004100
004106
004111
004120
004121
004129
004131
004133
004136
004137
004138
004140
004146
004149
004152
004158
004163
004164
004168
004169
004170
004171
004189
004190
004196
004200
004201
004209
004215
004220
004221
004223
004224
004228
004231
004232
004237
004241
004242
004244
004247
004253
004255
004256
004263
004269
004270
004271
004272
004273
004280
004281
004283
004287
004291
004292
004296
004300
004303
004307
004315
004318
004322
004325
004327
004333
004338
004339
004345
004347
004359
004360
004361
004365
004367
004370
004371
004372
004376
004379
004386
004387
004389
004391
004392
004404
004434
004436
004439
004441
004452
004470
004471
004479
004481
004484
004496
004500
004502
004508
004510
004514
004517
004519
004520
004524
004526
004537
004540
004544
004548
004549
004551
004553
004562
004563
004565
004566
004570
004571
004576
004579
004584
004587
004591
004595
004597
004604
004605
004607
004611
004612
004622
004623
004625
004627
004628
004631
004634
004636
004643
004644
004648
004651
004656
004671
004675
004679
004683
004685
004686
004687
004691
004693
004694
004701
004702
004705
004706
004710
004714
004715
004718
004723
004735
004737
004742
004743
004747
004748
004753
004754
004760
004773
004776
004779
004782
004783
004790
004792
004793
004794
004797
004799
004801
004808
004815
004823
004828
004830
004832
004836
004837
004841
004842
004846
004848
004849
004857
004869
004873
004876
004879
004882
004885
004897
004898
004902
004905
004907
004910
004911
004913
004929
004946
004951
004955
004958
004961
004962
004966
004968
004972
004973
004974
004976
004984
004987
004990
004991
004992
004995
005001
005004
005006
005007
005016
005018
005020
005023
005024
005026
005027
005029
005032
005033
005045
005047
005052
005057
005058
005061
005065
005068
005071
005073
005078
005084
005086
005090
005093
005094
005097
005101
005107
005108
005114
005121
005122
005124
005129
005130
005134
005138
005143
005153
005156
005168
005169
005171
005173
005177
005181
005183
005186
005189
005190
005191
005202
005203
005208
005215
005217
005219
005223
005231
005236
005244
005245
005246
005257
005258
005259
005260
005262
005269
005273
005283
005285
005288
005290
005292
005297
005303
005304
005307
005310
005311
005318
005327
005336
005337
005338
005344
005345
005351
005358
005360
005363
005368
005369
005373
005374
005387
005388
005389
005391
005396
005404
005405
005406
005408
005410
005413
005414
005417
005420
005424
005433
005440
005445
005448
005450
005451
005453
005455
005457
005467
005478
005483
005487
005489
005496
005499
005508
005509
005511
005514
005515
005519
005524
005526
005527
005536
005541
005542
005544
005547
005563
005566
005568
005574
005579
005582
005585
005591
005592
005599
005600
005601
005603
005605
005609
005611
005624
005625
005630
005631
005636
005637
005639
005644
005648
005654
005658
005668
005669
005680
005686
005695
005697
005699
005700
005704
005705
005710
005713
005715
005718
005728
005730
005731
005735
005738
005740
005742
005752
005756
005757
005764
005765
005769
005780
005782
005783
005784
005786
005789
005796
005803
005805
005806
005813
005814
005817
005821
005824
005826
005831
005836
005838
005840
005843
005850
005851
005859
005860
005861
005864
005867
005873
005881
005884
005885
005888
005889
005893
005895
005899
005901
005903
005905
005908
005909
005910
005911
005918
005920
005923
005930
005938
005947
005948
005951
005960
005961
005964
005971
005980
005983
005984
005990
005992
006004
006009
006011
006020
006023
006025
006030
006033
006038
006043
006061
006065
006066
006067
006070
006073
006074
006078
006079
006088
006091
006095
006096
006100
006103
006104
006105
006123
006128
006130
006131
006134
006135
006140
006141
006156
006158
006162
006166
006170
006171
006172
006174
006175
006176
006177
006179
006180
006181
006183
006187
006189
006196
006208
006210
006221
006223
006224
006225
006229
006230
006236
006238
006243
006247
006250
006251
006261
006262
006264
006267
006270
006272
006275
006279
006285
006289
006290
006291
006299
006304
006305
006320
006329
006341
006344
006349
006352
006353
006362
006363
006366
006367
006369
006371
006374
006375
006381
006382
006395
006400
006411
006417
006418
006419
006427
006429
006433
006434
006436
006438
006442
006447
006448
006455
006458
006459
006462
006466
006470
006472
006474
006475
006476
006482
006483
006486
006495
006499
006501
006503
006506
006515
006523
006524
006536
006547
006548
006549
006550
006551
006556
006560
006564
006569
006595
006597
006602
006605
006609
006610
006612
006622
006626
006627
006635
006636
006637
006638
006648
006652
006654
006658
006660
006674
006684
006689
006694
006695
006697
006698
006703
006704
006706
006707
006708
006714
006726
006727
006731
006734
006735
006736
006738
006740
006748
006753
006755
006766
006773
006777
006781
006782
006784
006794
006805
006806
006810
006822
006824
006825
006833
006836
006839
006840
006844
006845
006847
006848
006849
006852
006858
006864
006866
006868
006869
006874
006883
006887
006893
006896
006899
006900
006909
006910
006911
006912
006914
006916
006917
006919
006930
006931
006939
006943
006947
006948
006950
006958
006959
006968
006971
006976
006983
007002
007003
007006
007007
007011
007016
007018
007023
007025
007029
007033
007036
007039
007040
007045
007050
007062
007064
007072
007073
007075
007078
007079
007080
007088
007089
007090
007092
007093
007095
007105
007108
007113
007121
007125
007128
007129
007130
007133
007138
007150
007152
007154
007159
007163
007166
007168
007177
007180
007182
007184
007185
007193
007194
007197
007205
007213
007214
007219
007222
007223
007234
007241
007243
007250
007256
007261
007263
007271
007279
007285
007289
007295
007298
007305
007308
007322
007323
007325
007327
007334
007336
007351
007361
007365
007369
007370
007373
007375
007381
007385
007389
007394
007396
007398
007410
007411
007413
007417
007419
007421
007425
007431
007437
007446
007454
007458
007466
007467
007468
007474
007477
007479
007481
007483
007490
007491
007493
007497
007503
007513
007519
007521
007524
007526
007530
007535
007536
007538
007540
007544
007558
007565
007566
007570
007572
007575
007578
007586
007590
007594
007600
007601
007606
007611
007619
007621
007629
007631
007633
007637
007653
007654
007655
007663
007667
007683
007685
007692
007696
007697
007699
007704
007713
007718
007721
007729
007731
007735
007736
007740
007748
007749
007751
007753
007762
007767
007775
007777
007781
007790
007791
007795
007803
007809
007810
007814
007819
007820
007821
007831
007836
007838
007840
007847
007853
007854
007859
007863
007864
007872
007876
007877
007878
007883
007884
007885
007898
007900
007901
007905
007908
007910
007911
007914
007915
007923
007925
007926
007932
007939
007940
007953
007959
007963
007964
007968
007974
007976
007980
007991
007996
008001
008004
008005
008008
008012
008017
008019
008026
008037
008040
008042
008043
008044
008049
008051
008053
008062
008063
008064
008067
008072
008075
008076
008079
008082
008083
008084
008093
008095
008096
008098
008106
008108
008116
008117
008121
008127
008130
008137
008139
008142
008150
008163
008164
008166
008169
008174
008186
008188
008197
008199
008202
008203
008204
008211
008213
008216
008218
008223
008226
008232
008235
008248
008250
008252
008253
008254
008260
008261
008262
008263
008269
008272
008280
008282
008296
008301
008302
008310
008311
008312
008313
008315
008316
008317
008322
008332
008336
008338
008341
008342
008346
008351
008360
008372
008374
008381
008384
008385
008388
008391
008397
008398
008403
008409
008422
008425
008426
008427
008437
008442
008443
008445
008449
008452
008453
008456
008462
008465
008466
008467
008468
008470
008475
008477
008478
008482
008483
008495
008506
008517
008523
008529
008530
008533
008536
008549
008550
008558
008559
008568
008581
008585
008587
008588
008595
008596
008602
008610
008615
008617
008618
008628
008633
008645
008655
008663
008665
008670
008676
008688
008690
008691
008699
008702
008706
008710
008720
008723
008725
008727
008731
008732
008738
008741
008744
008748
008750
008755
008756
008757
008760
008764
008768
008770
008771
008776
008783
008784
008790
008794
008806
008809
008811
008813
008814
008815
008819
008838
008840
008841
008847
008856
008862
008865
008872
008878
008879
008883
008885
008886
008891
008900
008905
008909
008920
008923
008926
008929
008930
008932
008933
008936
008939
008944
008948
008958
008960
008961
008962
008966
008967
008968
008969
008970
008971
008973
008975
008978
008979
008980
008985
008987
008988
008989
008995
008999
009000
009004
009005
009016
009018
009020
009027
009029
009032
009036
009042
009045
009049
009058
009059
009063
009066
009068
009073
009078
009080
009086
009098
009099
009100
009106
009108
009114
009117
009121
009123
009136
009144
009148
009153
009160
009161
009166
009173
009175
009181
009184
009185
009191
009196
009197
009200
009205
009208
009209
009214
009215
009218
009227
009230
009238
009242
009245
009251
009252
009255
009259
009269
009270
009271
009272
009283
009285
009287
009288
009289
009290
009295
009296
009299
009306
009307
009308
009316
009318
009324
009325
009327
009333
009336
009339
009342
009343
009358
009359
009362
009365
009377
009386
009388
009389
009392
009393
009394
009398
009406
009407
009409
009410
009411
009413
009417
009418
009419
009420
009421
009422
009424
009429
009432
009434
009446
009458
009460
009463
009465
009466
009469
009476
009488
009490
009491
009496
009497
009499
009504
009508
009512
009515
009516
009518
009520
009523
009524
009526
009528
009537
009541
009542
009545
009549
009551
009557
009562
009566
009573
009576
009577
009579
009584
009585
009587
009596
009600
009605
009609
009613
009614
009615
009618
009621
009623
009629
009634
009637
009638
009644
009650
009654
009656
009659
009664
009666
009668
009671
009679
009684
009691
009693
009702
009703
009707
009709
009713
009717
009718
009721
009729
009733
009734
009735
009749
009755
009756
009762
009763
009774
009776
009789
009790
009792
009797
009800
009805
009807
009808
009810
009813
009825
009828
009830
009832
009834
009839
009842
009845
009848
009851
009852
009855
009859
009860
009867
009868
009869
009872
009874
009877
009878
009879
009882
009884
009887
009896
009904
009911
009918
009920
009926
009938
009940
009942
009944
009945
009949
009959
009961
000001
000002
000003
000004
000006
000008
000010
000011
000013
000014
000015
000018
000022
000025
000027
000028
000029
000031
000037
000038
000040
000043
000045
000049
000053
000054
000055
000056
000057
000058
000059
000062
000067
000068
000069
000070
000071
000074
000075
000076
000079
000080
000082
000084
000085
000086
000087
000088
000090
000092
000094
000096
000097
000098
000100
000103
000105
000106
000108
000111
000114
000115
000116
000119
000124
000126
000127
000128
000135
000136
000137
000139
000144
000145
000148
000149
000151
000152
000155
000157
000160
000166
000167
000168
000172
000175
000176
000178
000179
000181
000182
000183
000185
000186
000188
000191
000195
000196
000197
000199
000201
000202
000204
000205
000206
000212
000213
000216
000217
000223
000226
000227
000230
000231
000234
000237
000238
000239
000240
000243
000247
000248
000252
000253
000254
000255
000258
000260
000261
000264
000265
000267
000271
000272
000273
000274
000277
000279
000280
000281
000283
000284
000286
000287
000290
000291
000292
000293
000295
000297
000299
000300
000301
000309
000310
000313
000314
000315
000316
000319
000324
000326
000327
000330
000333
000335
000339
000341
000342
000345
000346
000348
000350
000351
000353
000356
000357
000358
000360
000361
000362
000364
000365
000366
000368
000369
000371
000375
000376
000377
000378
000383
000384
000385
000386
000388
000389
000390
000392
000393
000397
000398
000399
000401
000402
000405
000409
000410
000412
000413
000414
000415
000418
000421
000422
000423
000425
000426
000429
000432
000434
000436
000437
000440
000441
000442
000444
000445
000447
000449
000451
000452
000453
000455
000456
000457
000458
000465
000466
000467
000471
000472
000473
000475
000478
000479
000481
000485
000487
000488
000490
000493
000495
000497
000502
000504
000505
000506
000507
000510
000511
000512
000517
000521
000527
000529
000532
000533
000534
000536
000538
000539
000542
000546
000547
000548
000551
000553
000556
000557
000558
000560
000561
000562
000566
000567
000568
000569
000570
000571
000572
000573
000574
000575
000576
000578
000580
000584
000585
000586
000587
000593
000594
000595
000596
000600
000602
000603
000604
000606
000607
000611
000614
000615
000616
000617
000618
000621
000623
000624
000627
000629
000630
000631
000634
000636
000638
000639
000640
000641
000642
000643
000644
000646
000649
000650
000651
000652
000655
000658
000659
000662
000664
000665
000666
000668
000669
000670
000673
000674
000678
000679
000681
000683
000687
000691
000692
000693
000696
000697
000698
000701
000703
000704
000706
000708
000715
000716
000718
000719
000721
000722
000723
000724
000725
000727
000732
000734
000735
000736
000737
000741
000743
000744
000745
000747
000749
000751
000757
000758
000759
000762
000765
000766
000769
000773
000775
000778
000779
000781
000783
000784
000785
000788
000789
000790
000792
000795
000798
000801
000803
000807
000809
000811
000813
000817
000819
000821
000824
000825
000833
000835
000836
000837
000838
000839
000840
000841
000844
000846
000852
000853
000856
000858
000861
000864
000866
000869
000870
000873
000875
000877
000881
000883
000884
000886
000890
000891
000893
000894
000897
000901
000905
000907
000909
000910
000913
000914
000916
000922
000924
000925
000927
000928
000930
000932
000933
000938
000939
000940
000941
000942
000944
000945
000952
000953
000955
000956
000957
000959
000960
000961
000963
000968
000969
000970
000974
000975
000976
000978
000979
000981
000983
000984
000985
000986
000988
000990
000992
000994
000995
000998
001000
001003
001005
001006
001007
001013
001016
001019
001020
001021
001022
001023
001025
001026
001029
001030
001031
001032
001033
001034
001035
001037
001038
001039
001040
001044
001046
001047
001048
001049
001051
001054
001055
001058
001059
001063
001065
001067
001070
001075
001076
001080
001081
001085
001086
001087
001088
001089
001090
001094
001095
001096
001098
001099
001100
001103
001105
001108
001111
001114
001115
001116
001117
001118
001120
001122
001123
001126
001128
001131
001132
001133
001134
001135
001138
001139
001141
001146
001150
001153
001155
001157
001159
001162
001163
001165
001167
001169
001173
001177
001178
001179
001180
001181
001183
001188
001189
001190
001193
001195
001196
001197
001198
001202
001208
001210
001213
001216
001217
001218
001219
001220
001222
001223
001227
001228
001232
001235
001238
001242
001243
001244
001245
001246
001249
001251
001252
001253
001255
001256
001257
001261
001262
001264
001267
001271
001275
001276
001278
001280
001282
001283
001285
001291
001295
001296
001297
001300
001301
001302
001303
001305
001306
001307
001308
001313
001317
001318
001319
001320
001321
001322
001328
001329
001331
001335
001336
001338
001339
001340
001342
001344
001347
001349
001351
001353
001354
001355
001356
001357
001358
001359
001363
001366
001367
001368
001369
001370
001372
001373
001374
001376
001377
001379
001380
001381
001382
001389
001391
001392
001394
001396
001398
001399
001401
001403
001407
001410
001411
001412
001415
001416
001417
001419
001422
001423
001424
001425
001428
001429
001431
001433
001435
001437
001438
001440
001446
001447
001448
001449
001452
001454
001456
001458
001459
001461
001462
001469
001471
001473
001474
001476
001477
001478
001482
001487
001489
001491
001495
001496
001500
001502
001503
001505
001506
001507
001508
001511
001513
001516
001518
001519
001520
001525
001527
001530
001533
001534
001535
001538
001540
001542
001546
001547
001549
001550
001551
001552
001558
001560
001562
001564
001566
001567
001568
001569
001570
001572
001573
001574
001575
001578
001581
001583
001584
001585
001587
001589
001591
001592
001596
001599
001600
001601
001602
001605
001606
001609
001613
001615
001616
001619
001620
001621
001623
001624
001625
001626
001629
001631
001634
001635
001637
001639
001641
001644
001645
001646
001648
001652
001655
001656
001657
001658
001659
001660
001663
001664
001665
001666
001667
001668
001670
001671
001672
001674
001679
001681
001687
001692
001694
001695
001696
001697
001698
001700
001701
001702
001703
001704
001705
001706
001709
001710
001712
001715
001716
001719
001720
001722
001728
001731
001735
001736
001737
001740
001742
001743
001744
001745
001748
001751
001753
001757
001760
001762
001763
001764
001767
001769
001770
001773
001774
001776
001779
001781
001783
001786
001788
001790
001791
001792
001794
001796
001798
001802
001803
001804
001805
001808
001811
001812
001813
001814
001815
001817
001819
001820
001822
001823
001824
001826
001829
001831
001835
001838
001839
001844
001846
001848
001850
001851
001852
001856
001857
001859
001863
001865
001866
001867
001868
001869
001871
001873
001874
001876
001879
001880
001883
001884
001885
001886
001889
001890
001891
001893
001895
001897
001900
001905
001908
001909
001910
001912
001913
001914
001916
001917
001919
001921
001923
001924
001925
001926
001929
001935
001939
001942
001943
001946
001947
001949
001951
001953
001955
001956
001957
001959
001961
001965
001966
001967
001968
001969
001973
001974
001975
001979
001983
001984
001986
001987
001988
001990
001991
001992
001993
001994
001996
001997
001998
002003
002005
002007
002008
002009
002010
002013
002014
002016
002017
002018
002026
002028
002029
002031
002032
002033
002035
002038
002040
002041
002044
002046
002048
002050
002052
002053
002057
002059
002060
002062
002065
002066
002071
002072
002073
002074
002075
002076
002077
002078
002079
002080
002081
002084
002085
002087
002089
002092
002093
002097
002100
002103
002105
002106
002107
002110
002111
002113
002115
002118
002119
002121
002122
002123
002127
002128
002130
002131
002133
002137
002138
002141
002143
002144
002147
002148
002149
002150
002154
002157
002159
002160
002161
002162
002164
002167
002168
002173
002175
002177
002185
002188
002189
002195
002198
002200
002203
002204
002205
002206
002207
002210
002211
002216
002217
002222
002223
002225
002227
002229
002230
002231
002232
002235
002236
002239
002240
002242
002243
002245
002246
002250
002252
002254
002258
002262
002264
002269
002271
002274
002275
002282
002283
002286
002289
002292
002294
002295
002296
002297
002298
002299
002301
002303
002304
002309
002312
002313
002314
002316
002317
002319
002322
002325
002326
002327
002331
002336
002338
002339
002341
002344
002346
002349
002351
002353
002356
002357
002358
002360
002363
002365
002370
002379
002380
002381
002383
002386
002388
002389
002390
002394
002395
002396
002397
002398
002399
002400
002402
002406
002408
002409
002412
002414
002416
002418
002421
002422
002424
002426
002428
002429
002430
002431
002432
002434
002438
002440
002446
002447
002449
002451
002453
002455
002457
002463
002464
002467
002469
002473
002474
002475
002482
002484
002485
002486
002487
002488
002489
002495
002498
002499
002503
002506
002507
002509
002510
002511
002515
002516
002517
002521
002522
002526
002527
002528
002530
002531
002532
002535
002536
002538
002541
002543
002548
002550
002551
002552
002553
002556
002557
002560
002562
002568
002570
002573
002574
002575
002576
002577
002580
002581
002582
002583
002587
002588
002591
002592
002596
002597
002601
002602
002604
002607
002608
002610
002612
002614
002616
002617
002619
002620
002622
002623
002624
002626
002628
002629
002630
002631
002638
002639
002640
002642
002644
002650
002651
002652
002654
002655
002656
002660
002661
002663
002665
002671
002672
002673
002674
002676
002679
002681
002685
002686
002687
002688
002692
002694
002698
002700
002701
002703
002705
002707
002708
002711
002712
002716
002719
002720
002724
002725
002726
002728
002729
002731
002733
002736
002739
002740
002742
002743
002746
002748
002750
002752
002753
002754
002756
002758
002761
002764
002768
002769
002770
002771
002773
002777
002780
002781
002787
002788
002789
002790
002792
002793
002797
002799
002802
002805
002806
002808
002809
002811
002813
002814
002818
002819
002821
002822
002823
002824
002825
002828
002829
002830
002831
002832
002837
002839
002840
002843
002846
002849
002850
002851
002852
002853
002856
002857
002860
002861
002862
002863
002865
002871
002872
002874
002876
002877
002878
002882
002883
002885
002887
002888
002890
002892
002894
002895
002897
002898
002900
002902
002903
002904
002905
002907
002908
002909
002911
002918
002920
002921
002922
002923
002925
002926
002927
002928
002929
002930
002936
002945
002948
002949
002950
002951
002955
002959
002961
002964
002968
002970
002971
002972
002973
002974
002979
002980
002981
002982
002983
002985
002991
002993
002996
002997
002998
002999
003001
003006
003010
003012
003014
003016
003018
003019
003020
003022
003025
003026
003029
003030
003033
003035
003036
003037
003040
003041
003043
003046
003048
003049
003050
003052
003055
003059
003060
003062
003067
003068
003069
003070
003071
003073
003075
003076
003079
003080
003081
003084
003087
003091
003095
003096
003097
003099
003101
003104
003109
003111
003113
003114
003115
003119
003123
003125
003128
003130
003131
003132
003136
003139
003141
003143
003144
003148
003151
003152
003153
003156
003158
003160
003166
003167
003168
003171
003172
003173
003174
003179
003180
003182
003187
003190
003191
003192
003193
003196
003197
003198
003201
003203
003206
003208
003209
003212
003215
003217
003220
003221
003222
003224
003225
003226
003227
003230
003232
003234
003235
003237
003238
003241
003245
003246
003248
003249
003251
003252
003257
003263
003264
003265
003266
003267
003268
003275
003276
003277
003278
003281
003283
003286
003287
003288
003289
003291
003295
003297
003298
003302
003304
003305
003306
003309
003310
003312
003314
003315
003317
003318
003319
003321
003322
003323
003324
003326
003328
003329
003332
003333
003334
003340
003341
003342
003345
003346
003347
003348
003352
003353
003357
003358
003361
003364
003366
003368
003371
003372
003375
003378
003381
003383
003384
003385
003387
003388
003389
003393
003394
003399
003400
003402
003405
003409
003411
003414
003418
003423
003426
003427
003428
003431
003432
003434
003437
003438
003440
003442
003445
003446
003447
003448
003454
003456
003457
003459
003460
003463
003467
003471
003472
003473
003474
003475
003476
003478
003479
003480
003481
003482
003483
003485
003486
003488
003490
003494
003495
003498
003501
003502
003503
003504
003505
003507
003512
003513
003514
003515
003517
003520
003523
003526
003527
003531
003532
003533
003534
003535
003538
003540
003541
003542
003543
003544
003545
003547
003552
003553
003557
003558
003559
003560
003561
003562
003563
003568
003569
003570
003571
003572
003573
003574
003578
003579
003581
003582
003583
003584
003590
003591
003592
003595
003598
003600
003601
003602
003607
003610
003612
003613
003615
003616
003617
003619
003624
003626
003630
003631
003633
003637
003641
003643
003647
003649
003650
003652
003653
003659
003661
003665
003666
003668
003670
003672
003676
003677
003680
003682
003683
003686
003687
003689
003692
003693
003697
003701
003702
003707
003710
003712
003715
003716
003718
003719
003720
003723
003724
003725
003726
003728
003730
003731
003733
003734
003736
003737
003738
003739
003741
003742
003744
003745
003746
003747
003755
003756
003757
003761
003762
003764
003765
003766
003768
003769
003770
003771
003775
003776
003777
003778
003782
003785
003787
003789
003794
003795
003799
003800
003801
003802
003804
003805
003810
003812
003813
003815
003816
003819
003822
003823
003825
003829
003831
003832
003833
003836
003839
003840
003841
003842
003843
003850
003851
003852
003853
003854
003858
003862
003864
003867
003870
003873
003875
003878
003880
003881
003882
003883
003884
003888
003892
003893
003894
003896
003897
003900
003901
003902
003903
003904
003906
003908
003909
003910
003914
003916
003917
003920
003922
003925
003927
003928
003929
003930
003931
003933
003934
003938
003940
003942
003943
003944
003950
003951
003952
003955
003958
003959
003962
003964
003967
003968
003972
003975
003976
003977
003978
003980
003981
003982
003985
003989
003995
003999
004000
004001
004002
004004
004006
004007
004018
004021
004022
004024
004026
004027
004029
004030
004032
004036
004038
004040
004041
004042
004043
004044
004045
004048
004049
004050
004053
004054
004055
004056
004059
004061
004062
004063
004064
004065
004068
004070
004071
004072
004074
004078
004079
004080
004081
004083
004084
004086
004088
004090
004094
004096
004097
004098
004099
004101
004103
004104
004107
004109
004112
004114
004115
004116
004118
004119
004123
004124
004125
004126
004127
004128
004130
004132
004134
004139
004144
004147
004151
004153
004154
004155
004156
004157
004159
004160
004161
004162
004165
004166
004167
004172
004173
004175
004176
004177
004179
004180
004181
004182
004183
004184
004187
004188
004197
004198
004199
004202
004206
004207
004208
004210
004211
004213
004214
004216
004217
004218
004219
004222
004225
004226
004227
004233
004234
004235
004236
004238
004240
004243
004245
004248
004249
004250
004251
004252
004254
004260
004261
004262
004266
004267
004268
004276
004277
004278
004282
004285
004288
004289
004290
004294
004297
004299
004301
004302
004305
004306
004308
004309
004311
004313
004314
004316
004317
004319
004320
004324
004328
004330
004332
004334
004335
004336
004337
004340
004342
004343
004344
004348
004350
004353
004355
004357
004358
004362
004363
004366
004373
004374
004375
004377
004378
004381
004382
004383
004385
004388
004393
004394
004395
004398
004399
004400
004401
004402
004403
004406
004407
004408
004410
004412
004413
004414
004415
004416
004417
004418
004419
004420
004422
004425
004426
004427
004428
004431
004435
004440
004442
004443
004444
004445
004447
004448
004449
004451
004453
004454
004456
004458
004460
004461
004462
004465
004467
004469
004472
004473
004475
004476
004477
004478
004480
004482
004483
004485
004486
004489
004491
004492
004497
004501
004503
004504
004505
004506
004511
004513
004515
004516
004521
004522
004523
004525
004529
004531
004533
004534
004536
004538
004541
004543
004545
004546
004547
004550
004554
004556
004557
004559
004560
004561
004564
004567
004568
004569
004572
004573
004575
004577
004578
004580
004582
004583
004586
004589
004590
004593
004594
004596
004598
004599
004602
004603
004608
004610
004613
004614
004615
004616
004617
004619
004620
004621
004624
004629
004633
004635
004637
004638
004639
004640
004641
004642
004645
004646
004650
004657
004658
004659
004661
004663
004664
004665
004666
004667
004668
004669
004670
004677
004678
004680
004681
004684
004688
004690
004695
004696
004697
004698
004700
004703
004704
004709
004711
004712
004713
004716
004717
004720
004721
004724
004725
004726
004728
004729
004730
004731
004733
004734
004736
004738
004739
004740
004741
004744
004745
004749
004751
004752
004755
004756
004757
004758
004759
004762
004763
004764
004765
004766
004767
004769
004771
004772
004774
004775
004778
004780
004781
004784
004787
004791
004795
004798
004800
004802
004803
004804
004806
004807
004809
004810
004811
004813
004817
004819
004820
004821
004822
004824
004827
004829
004833
004835
004838
004843
004844
004845
004847
004851
004853
004854
004855
004858
004860
004861
004862
004864
004865
004870
004871
004874
004875
004877
004880
004881
004883
004884
004887
004888
004889
004891
004892
004893
004894
004899
004900
004901
004904
004906
004908
004909
004914
004915
004917
004918
004919
004920
004921
004922
004923
004924
004925
004927
004930
004932
004933
004934
004937
004940
004941
004942
004944
004945
004947
004949
004952
004957
004959
004964
004965
004969
004970
004971
004975
004978
004979
004980
004981
004988
004989
004993
004996
005000
005002
005005
005008
005009
005010
005011
005012
005013
005015
005017
005019
005021
005022
005025
005030
005031
005034
005035
005038
005040
005041
005043
005044
005046
005048
005049
005050
005051
005053
005059
005060
005066
005069
005070
005074
005075
005076
005080
005082
005083
005087
005088
005089
005091
005092
005095
005096
005098
005099
005100
005103
005105
005106
005109
005112
005113
005115
005117
005118
005119
005120
005123
005125
005126
005127
005132
005133
005137
005139
005140
005141
005142
005147
005148
005149
005151
005152
005154
005155
005157
005158
005162
005163
005164
005165
005166
005167
005170
005172
005174
005178
005180
005182
005184
005187
005188
005192
005193
005194
005196
005197
005198
005200
005201
005204
005205
005206
005207
005211
005213
005216
005218
005221
005225
005226
005227
005228
005232
005233
005234
005235
005237
005238
005240
005241
005243
005247
005249
005250
005251
005252
005255
005256
005261
005265
005266
005271
005272
005275
005276
005277
005279
005280
005282
005284
005286
005287
005289
005291
005294
005295
005296
005299
005300
005301
005302
005308
005309
005313
005316
005317
005321
005322
005323
005324
005329
005330
005332
005333
005334
005335
005339
005341
005342
005347
005353
005354
005356
005357
005359
005361
005362
005364
005366
005372
005375
005376
005377
005381
005382
005386
005390
005392
005394
005399
005400
005401
005402
005403
005409
005411
005412
005415
005422
005425
005426
005427
005428
005432
005435
005437
005442
005443
005444
005446
005447
005449
005452
005456
005458
005459
005460
005462
005463
005464
005466
005468
005472
005473
005474
005476
005477
005479
005480
005482
005484
005488
005490
005491
005492
005493
005494
005495
005498
005500
005501
005502
005503
005504
005505
005506
005512
005513
005516
005520
005523
005525
005528
005529
005532
005533
005534
005537
005538
005540
005543
005545
005546
005548
005551
005553
005555
005556
005557
005558
005560
005561
005562
005564
005565
005567
005569
005570
005571
005572
005575
005578
005580
005581
005587
005589
005594
005595
005596
005597
005598
005602
005604
005607
005610
005612
005616
005617
005619
005621
005622
005623
005626
005627
005628
005632
005633
005634
005635
005638
005642
005643
005646
005649
005650
005651
005656
005659
005661
005663
005665
005666
005667
005670
005671
005673
005675
005677
005678
005681
005683
005684
005688
005689
005690
005691
005692
005694
005698
005703
005706
005707
005708
005709
005711
005712
005717
005720
005721
005722
005724
005725
005726
005727
005733
005734
005737
005739
005744
005745
005746
005748
005750
005751
005753
005754
005758
005759
005763
005766
005767
005770
005771
005772
005774
005775
005776
005777
005778
005785
005787
005792
005793
005795
005797
005798
005800
005801
005802
005804
005807
005808
005809
005810
005816
005820
005822
005823
005827
005832
005833
005834
005835
005837
005842
005844
005846
005847
005848
005849
005855
005857
005858
005862
005865
005866
005869
005870
005871
005872
005876
005880
005882
005883
005886
005887
005890
005891
005892
005896
005898
005900
005902
005904
005907
005913
005915
005916
005921
005922
005924
005925
005926
005927
005929
005931
005932
005933
005934
005935
005936
005937
005939
005941
005942
005943
005944
005945
005946
005949
005950
005953
005955
005957
005958
005959
005962
005965
005966
005967
005969
005972
005973
005974
005976
005977
005978
005982
005986
005987
005993
005994
005997
005999
006002
006003
006006
006007
006008
006010
006013
006014
006015
006016
006017
006019
006021
006022
006024
006031
006032
006034
006036
006037
006039
006040
006044
006047
006048
006049
006050
006051
006052
006053
006054
006056
006057
006059
006060
006063
006064
006068
006072
006075
006076
006077
006080
006081
006082
006083
006085
006086
006087
006090
006092
006093
006094
006099
006101
006102
006106
006109
006110
006112
006113
006114
006115
006116
006118
006119
006121
006122
006126
006127
006132
006137
006138
006142
006143
006144
006145
006147
006149
006152
006154
006155
006157
006160
006164
006165
006167
006168
006169
006173
006178
006182
006186
006191
006192
006193
006194
006195
006197
006199
006200
006204
006205
006207
006211
006213
006217
006226
006227
006228
006231
006232
006237
006239
006242
006244
006245
006246
006248
006253
006255
006256
006257
006263
006265
006266
006268
006271
006273
006274
006278
006280
006283
006287
006288
006292
006293
006294
006297
006298
006302
006303
006307
006308
006310
006311
006312
006313
006315
006316
006317
006322
006324
006326
006327
006328
006331
006332
006333
006334
006336
006340
006342
006343
006345
006347
006354
006356
006358
006359
006360
006361
006364
006365
006368
006370
006372
006373
006376
006378
006379
006380
006383
006384
006386
006388
006389
006390
006393
006394
006397
006399
006401
006402
006403
006405
006406
006407
006408
006410
006412
006413
006414
006415
006416
006420
006422
006423
006426
006431
006432
006435
006439
006441
006446
006451
006452
006453
006454
006457
006460
006461
006464
006467
006469
006471
006477
006478
006479
006481
006485
006487
006489
006490
006491
006493
006494
006496
006498
006500
006502
006504
006505
006508
006510
006511
006513
006514
006516
006517
006518
006521
006522
006525
006526
006527
006528
006531
006533
006535
006537
006539
006540
006541
006544
006545
006546
006552
006554
006555
006557
006558
006559
006561
006563
006566
006567
006568
006571
006573
006574
006577
006579
006580
006581
006582
006586
006589
006590
006591
006592
006594
006596
006598
006600
006601
006604
006607
006608
006613
006614
006615
006616
006620
006623
006624
006629
006630
006633
006634
006639
006640
006641
006642
006644
006646
006649
006650
006651
006653
006655
006656
006659
006662
006663
006665
006669
006672
006675
006676
006680
006683
006685
006686
006688
006691
006692
006693
006700
006701
006705
006710
006711
006712
006713
006715
006716
006717
006720
006721
006723
006724
006728
006729
006732
006733
006737
006741
006742
006743
006744
006745
006746
006749
006750
006752
006754
006756
006757
006758
006763
006764
006767
006770
006771
006774
006775
006776
006778
006779
006780
006785
006787
006788
006790
006791
006792
006793
006795
006796
006798
006801
006804
006807
006809
006811
006812
006815
006816
006817
006818
006820
006823
006826
006830
006831
006832
006834
006837
006843
006846
006851
006853
006854
006856
006857
006861
006863
006870
006871
006872
006873
006875
006877
006879
006881
006882
006885
006888
006889
006890
006891
006894
006895
006897
006898
006901
006902
006904
006905
006906
006907
006913
006915
006920
006921
006923
006925
006926
006927
006928
006929
006936
006937
006938
006941
006942
006946
006951
006954
006955
006957
006960
006961
006964
006967
006969
006970
006973
006974
006975
006977
006978
006979
006980
006982
006984
006985
006986
006991
006992
006993
006996
006997
006998
006999
007000
007001
007005
007010
007012
007013
007014
007015
007017
007019
007024
007026
007027
007028
007030
007032
007034
007037
007041
007043
007044
007047
007051
007053
007055
007057
007060
007061
007063
007066
007067
007069
007076
007081
007082
007083
007085
007087
007091
007094
007096
007098
007099
007102
007103
007106
007107
007110
007111
007112
007115
007116
007118
007119
007120
007124
007126
007127
007131
007134
007135
007136
007137
007142
007143
007145
007151
007155
007156
007157
007158
007160
007161
007164
007169
007170
007171
007173
007175
007176
007178
007179
007181
007183
007186
007188
007190
007192
007195
007196
007198
007199
007201
007202
007203
007206
007207
007209
007218
007220
007221
007225
007226
007228
007229
007231
007232
007233
007235
007237
007238
007239
007240
007242
007246
007248
007251
007252
007253
007254
007255
007257
007262
007264
007265
007267
007268
007269
007272
007273
007277
007278
007281
007282
007286
007287
007288
007290
007291
007293
007301
007303
007304
007306
007307
007309
007310
007312
007313
007315
007316
007317
007319
007320
007321
007324
007326
007328
007331
007332
007333
007335
007337
007338
007339
007340
007341
007342
007345
007347
007348
007349
007352
007353
007354
007355
007357
007358
007360
007362
007364
007366
007367
007368
007371
007377
007378
007379
007380
007382
007384
007386
007387
007391
007392
007393
007395
007397
007399
007400
007401
007402
007403
007404
007405
007406
007407
007409
007412
007415
007418
007420
007423
007426
007428
007429
007430
007434
007440
007441
007442
007444
007447
007450
007452
007453
007455
007456
007459
007462
007463
007464
007469
007471
007472
007473
007476
007478
007485
007487
007488
007492
007494
007495
007496
007499
007500
007501
007502
007504
007505
007507
007508
007509
007510
007512
007514
007515
007516
007518
007520
007522
007529
007531
007532
007534
007539
007541
007542
007545
007548
007549
007550
007552
007553
007554
007556
007557
007560
007561
007562
007564
007567
007569
007573
007574
007577
007580
007581
007582
007583
007584
007587
007588
007589
007591
007593
007595
007596
007597
007598
007599
007602
007604
007607
007608
007609
007610
007613
007616
007617
007620
007623
007625
007627
007628
007630
007632
007634
007635
007636
007638
007641
007643
007644
007645
007646
007648
007651
007652
007658
007659
007660
007661
007665
007669
007674
007676
007681
007684
007686
007689
007690
007693
007695
007698
007700
007701
007703
007706
007707
007708
007710
007711
007714
007716
007717
007719
007722
007725
007726
007728
007730
007733
007734
007737
007738
007739
007741
007744
007747
007750
007752
007755
007756
007757
007759
007761
007764
007766
007769
007770
007771
007774
007778
007780
007782
007783
007784
007785
007787
007788
007789
007792
007794
007796
007797
007800
007801
007802
007804
007805
007806
007807
007808
007811
007816
007817
007818
007822
007823
007825
007827
007828
007829
007830
007832
007835
007837
007839
007842
007844
007846
007848
007849
007850
007851
007852
007858
007860
007861
007862
007866
007867
007870
007871
007874
007875
007879
007880
007881
007882
007887
007888
007891
007892
007893
007894
007895
007896
007903
007904
007906
007907
007912
007913
007917
007918
007922
007927
007929
007930
007934
007936
007937
007938
007941
007942
007944
007945
007948
007949
007951
007952
007955
007957
007960
007961
007962
007965
007966
007967
007969
007972
007973
007975
007977
007978
007981
007982
007983
007985
007986
007988
007989
007990
007992
007993
007994
007995
008000
008003
008006
008007
008010
008011
008013
008014
008015
008016
008018
008020
008021
008022
008025
008027
008028
008030
008034
008035
008038
008039
008041
008045
008046
008047
008050
008052
008054
008055
008056
008058
008059
008065
008066
008070
008071
008073
008074
008077
008078
008080
008081
008088
008089
008090
008092
008094
008097
008099
008102
008104
008109
008110
008111
008113
008114
008118
008119
008120
008123
008124
008126
008128
008129
008131
008133
008134
008135
008136
008143
008145
008146
008147
008148
008149
008152
008153
008154
008155
008156
008157
008158
008161
008162
008165
008167
008170
008172
008176
008178
008179
008181
008182
008183
008184
008185
008187
008192
008193
008194
008195
008196
008198
008201
008205
008206
008207
008210
008212
008214
008215
008217
008219
008221
008227
008228
008230
008231
008233
008234
008237
008238
008239
008240
008242
008243
008245
008246
008247
008249
008255
008256
008257
008259
008264
008265
008266
008267
008270
008271
008273
008274
008276
008277
008278
008283
008286
008287
008288
008289
008290
008291
008298
008303
008304
008305
008308
008309
008314
008321
008324
008325
008328
008330
008331
008333
008334
008337
008339
008340
008343
008344
008347
008348
008350
008352
008353
008354
008356
008357
008358
008361
008362
008363
008366
008367
008369
008371
008373
008375
008377
008378
008379
008380
008382
008383
008389
008392
008393
008394
008395
008396
008399
008400
008401
008402
008404
008405
008406
008407
008408
008411
008412
008414
008417
008418
008419
008420
008421
008428
008431
008432
008435
008436
008439
008440
008441
008446
008447
008448
008451
008455
008457
008458
008459
008460
008463
008464
008469
008471
008473
008474
008476
008479
008480
008481
008486
008487
008488
008489
008490
008491
008493
008496
008497
008500
008501
008504
008505
008507
008508
008510
008511
008515
008516
008520
008525
008527
008528
008531
008532
008537
008538
008539
008540
008543
008544
008545
008546
008547
008548
008551
008552
008554
008555
008560
008561
008563
008565
008566
008567
008569
008570
008571
008574
008575
008577
008578
008579
008580
008583
008589
008590
008591
008593
008594
008597
008598
008599
008600
008603
008605
008609
008611
008613
008614
008616
008619
008622
008623
008625
008626
008627
008629
008630
008631
008632
008634
008637
008640
008641
008642
008643
008646
008648
008649
008650
008651
008652
008656
008657
008658
008659
008660
008661
008662
008664
008666
008668
008669
008671
008672
008673
008674
008675
008677
008678
008679
008681
008682
008684
008685
008686
008689
008693
008694
008696
008697
008700
008703
008704
008705
008707
008708
008711
008712
008714
008715
008719
008721
008724
008726
008729
008734
008735
008736
008737
008740
008743
008745
008746
008751
008754
008758
008761
008762
008763
008765
008767
008774
008777
008778
008779
008780
008781
008782
008785
008786
008787
008788
008789
008791
008792
008795
008797
008798
008800
008802
008803
008804
008807
008808
008812
008816
008818
008820
008821
008824
008825
008827
008828
008829
008830
008832
008834
008839
008842
008844
008845
008846
008850
008851
008852
008853
008855
008857
008860
008861
008863
008864
008866
008868
008869
008870
008875
008877
008881
008882
008887
008889
008893
008894
008895
008896
008897
008898
008899
008901
008902
008903
008904
008906
008907
008908
008910
008912
008915
008916
008918
008922
008924
008925
008928
008934
008935
008937
008938
008941
008945
008946
008947
008949
008950
008952
008954
008956
008957
008959
008963
008964
008972
008974
008977
008981
008984
008986
008990
008991
008992
008993
008994
008996
008998
009001
009003
009008
009009
009010
009011
009012
009013
009014
009017
009021
009023
009025
009026
009028
009030
009031
009033
009038
009040
009041
009043
009044
009046
009047
009050
009052
009054
009055
009056
009057
009061
009062
009065
009067
009069
009070
009071
009074
009075
009076
009077
009081
009082
009083
009084
009088
009090
009092
009093
009095
009096
009097
009101
009102
009103
009104
009107
009109
009110
009111
009115
009118
009119
009120
009122
009124
009125
009127
009130
009132
009134
009135
009137
009139
009140
009142
009143
009145
009146
009149
009152
009154
009156
009158
009164
009165
009167
009169
009170
009171
009172
009176
009182
009183
009188
009190
009198
009199
009201
009203
009204
009206
009207
009210
009211
009216
009217
009219
009220
009222
009223
009225
009226
009228
009229
009231
009232
009233
009234
009235
009237
009240
009241
009243
009248
009253
009256
009257
009258
009260
009261
009262
009263
009264
009265
009266
009267
009274
009275
009276
009277
009280
009284
009292
009293
009294
009297
009298
009300
009301
009302
009304
009305
009310
009311
009313
009314
009317
009319
009320
009321
009322
009328
009329
009332
009335
009338
009340
009341
009344
009345
009346
009352
009353
009355
009356
009357
009360
009361
009363
009364
009366
009367
009369
009370
009372
009376
009379
009380
009381
009383
009384
009385
009387
009390
009391
009395
009396
009397
009399
009400
009402
009403
009404
009415
009416
009423
009425
009426
009427
009428
009430
009431
009435
009436
009441
009442
009444
009447
009449
009450
009451
009452
009453
009462
009467
009471
009473
009474
009475
009478
009482
009483
009485
009486
009487
009489
009492
009493
009495
009498
009501
009503
009505
009506
009509
009510
009511
009513
009514
009521
009522
009525
009529
009530
009534
009535
009536
009538
009539
009544
009547
009548
009552
009553
009554
009555
009556
009559
009561
009563
009564
009569
009570
009572
009574
009575
009578
009581
009582
009583
009589
009590
009592
009593
009594
009595
009599
009601
009602
009604
009606
009607
009608
009610
009612
009616
009622
009624
009625
009626
009628
009630
009631
009632
009633
009635
009639
009640
009642
009643
009645
009646
009648
009651
009652
009653
009657
009660
009661
009662
009663
009665
009669
009672
009673
009674
009675
009677
009680
009682
009683
009688
009689
009690
009694
009696
009697
009701
009704
009705
009708
009714
009715
009716
009720
009722
009723
009725
009727
009728
009730
009731
009736
009739
009740
009741
009742
009744
009750
009751
009752
009753
009757
009759
009760
009765
009766
009768
009769
009770
009771
009775
009777
009779
009782
009783
009784
009786
009787
009788
009791
009793
009795
009798
009799
009802
009803
009804
009806
009811
009812
009814
009815
009817
009818
009820
009821
009824
009826
009827
009829
009835
009837
009838
009840
009843
009844
009846
009847
009849
009850
009853
009854
009856
009857
009861
009864
009866
009871
009873
009875
009876
009883
009885
009888
009889
009890
009891
009892
009893
009895
009899
009901
009903
009906
009907
009909
009910
009912
009914
009915
009916
009919
009921
009922
009924
009925
009927
009928
009929
009930
009931
009933
009934
009936
009937
009941
009943
009948
009951
009952
009953
009956
009957
009960
009962
009963
000005
000007
000009
000016
000019
000020
000021
000024
000030
000039
000041
000046
000050
000051
000052
000060
000063
000065
000072
000081
000093
000095
000099
000101
000102
000107
000109
000110
000113
000117
000118
000120
000121
000123
000125
000130
000131
000132
000142
000143
000146
000150
000156
000158
000165
000169
000170
000177
000180
000184
000190
000203
000208
000210
000211
000214
000215
000218
000221
000224
000229
000232
000233
000236
000241
000244
000245
000246
000249
000251
000257
000266
000268
000269
000270
000275
000285
000289
000298
000302
000303
000304
000305
000308
000318
000321
000322
000323
000328
000329
000332
000336
000338
000340
000343
000352
000354
000363
000373
000374
000380
000381
000396
000403
000408
000417
000419
000420
000424
000427
000428
000433
000435
000439
000443
000448
000459
000460
000461
000462
000464
000480
000482
000483
000486
000491
000492
000494
000498
000499
000500
000501
000509
000513
000514
000515
000520
000523
000530
000531
000540
000543
000545
000563
000564
000579
000581
000582
000588
000591
000598
000599
000601
000608
000610
000613
000619
000626
000628
000637
000645
000647
000653
000656
000660
000661
000663
000667
000675
000676
000677
000682
000684
000686
000690
000694
000702
000705
000707
000712
000713
000714
000717
000720
000728
000730
000738
000742
000746
000748
000750
000752
000755
000756
000760
000763
000771
000772
000776
000777
000780
000782
000786
000787
000791
000794
000797
000799
000800
000802
000806
000808
000814
000815
000816
000826
000831
000832
000834
000842
000843
000847
000848
000854
000855
000857
000862
000863
000868
000872
000874
000876
000878
000879
000880
000882
000885
000895
000896
000903
000911
000917
000918
000920
000921
000923
000926
000931
000934
000935
000937
000946
000947
000948
000949
000971
000972
000973
000982
001004
001009
001012
001017
001018
001027
001028
001041
001042
001045
001052
001053
001056
001061
001062
001066
001069
001072
001074
001083
001084
001091
001092
001093
001097
001102
001104
001107
001109
001110
001121
001124
001125
001136
001137
001142
001143
001144
001145
001148
001149
001154
001160
001161
001164
001166
001170
001175
001176
001184
001185
001186
001187
001192
001199
001200
001201
001203
001206
001211
001215
001221
001224
001225
001231
001233
001236
001241
001247
001250
001254
001259
001260
001265
001266
001272
001274
001277
001281
001284
001286
001288
001289
001290
001292
001293
001298
001310
001311
001316
001324
001330
001337
001341
001343
001350
001352
001360
001361
001362
001371
001375
001383
001386
001387
001397
001400
001413
001430
001432
001439
001441
001443
001444
001445
001460
001463
001464
001465
001466
001467
001472
001475
001481
001484
001490
001493
001497
001509
001510
001514
001522
001523
001531
001536
001537
001541
001543
001544
001545
001553
001554
001561
001565
001571
001577
001582
001588
001595
001598
001603
001608
001614
001617
001618
001628
001632
001638
001640
001642
001647
001653
001675
001677
001678
001682
001685
001686
001689
001691
001693
001718
001724
001725
001726
001727
001730
001746
001747
001749
001755
001756
001771
001772
001775
001778
001782
001784
001785
001793
001795
001797
001799
001801
001807
001816
001818
001827
001830
001833
001837
001842
001847
001849
001855
001860
001862
001872
001875
001877
001878
001882
001887
001888
001899
001901
001907
001911
001918
001920
001927
001931
001932
001933
001934
001936
001940
001944
001948
001958
001962
001964
001970
001972
001976
001982
002000
002011
002019
002021
002022
002023
002024
002030
002036
002045
002054
002058
002063
002064
002067
002070
002082
002083
002086
002088
002090
002091
002094
002098
002099
002101
002102
002109
002112
002114
002124
002125
002129
002135
002136
002140
002142
002145
002146
002152
002163
002165
002169
002171
002174
002181
002183
002184
002190
002201
002202
002209
002213
002214
002218
002220
002226
002228
002233
002244
002248
002251
002257
002259
002261
002263
002266
002267
002268
002270
002272
002273
002276
002278
002281
002285
002288
002290
002300
002302
002305
002308
002324
002328
002329
002330
002332
002333
002337
002340
002343
002345
002348
002352
002361
002364
002366
002367
002369
002371
002372
002374
002375
002376
002377
002378
002382
002385
002387
002391
002393
002404
002407
002415
002417
002425
002427
002435
002437
002441
002444
002450
002452
002454
002456
002459
002460
002462
002470
002476
002477
002479
002491
002492
002493
002497
002504
002505
002508
002513
002520
002523
002524
002525
002529
002537
002540
002542
002546
002549
002561
002563
002565
002566
002567
002578
002584
002585
002586
002589
002593
002598
002600
002605
002606
002613
002615
002618
002621
002632
002633
002636
002637
002641
002643
002646
002649
002657
002658
002659
002667
002668
002670
002675
002677
002678
002689
002690
002693
002695
002696
002699
002706
002709
002714
002717
002718
002721
002723
002727
002732
002734
002741
002747
002751
002760
002762
002767
002772
002775
002776
002784
002785
002786
002794
002798
002800
002803
002810
002812
002815
002827
002833
002835
002836
002838
002842
002847
002854
002859
002875
002879
002880
002884
002886
002889
002891
002893
002896
002901
002910
002912
002913
002915
002916
002917
002924
002932
002933
002935
002938
002940
002941
002942
002943
002944
002946
002947
002952
002954
002960
002963
002965
002966
002967
002977
002978
002984
002986
002994
003000
003004
003005
003008
003009
003015
003017
003021
003023
003028
003031
003032
003038
003039
003044
003045
003054
003056
003057
003058
003064
003065
003072
003078
003082
003086
003089
003090
003093
003094
003098
003102
003112
003117
003118
003120
003121
003126
003127
003129
003137
003142
003154
003162
003164
003170
003176
003177
003178
003186
003189
003194
003195
003199
003200
003207
003210
003213
003216
003218
003219
003223
003228
003239
003243
003250
003255
003256
003258
003262
003271
003272
003274
003285
003293
003294
003296
003299
003300
003301
003307
003311
003313
003316
003325
003327
003335
003344
003351
003360
003362
003370
003376
003377
003386
003390
003391
003397
003398
003403
003404
003407
003410
003415
003419
003422
003425
003429
003435
003443
003444
003449
003451
003453
003455
003458
003461
003462
003464
003465
003468
003469
003470
003492
003516
003518
003519
003521
003528
003530
003536
003537
003546
003554
003556
003566
003567
003580
003587
003589
003593
003594
003597
003606
003611
003618
003620
003623
003632
003636
003638
003639
003640
003648
003651
003654
003655
003657
003660
003667
003669
003673
003674
003675
003684
003685
003690
003691
003696
003703
003706
003708
003709
003711
003717
003721
003722
003727
003729
003750
003753
003754
003760
003772
003774
003780
003783
003791
003793
003796
003798
003803
003808
003809
003814
003820
003821
003826
003837
003838
003844
003845
003846
003848
003855
003857
003863
003868
003869
003871
003872
003876
003877
003885
003886
003891
003895
003905
003911
003915
003918
003919
003923
003924
003926
003937
003941
003946
003947
003948
003954
003957
003960
003963
003965
003966
003973
003979
003984
003986
003990
003992
003994
003996
004003
004010
004011
004015
004020
004025
004031
004039
004047
004051
004057
004060
004066
004069
004073
004075
004076
004077
004082
004085
004087
004089
004102
004105
004108
004110
004113
004117
004122
004135
004141
004142
004143
004145
004148
004150
004174
004178
004185
004186
004191
004192
004193
004194
004195
004203
004204
004205
004212
004229
004230
004239
004246
004257
004258
004259
004264
004265
004274
004275
004279
004284
004286
004293
004295
004298
004304
004310
004312
004321
004323
004326
004329
004331
004341
004346
004349
004351
004352
004354
004356
004364
004368
004369
004380
004384
004390
004396
004397
004405
004409
004411
004421
004423
004424
004429
004430
004432
004433
004437
004438
004446
004450
004455
004457
004459
004463
004464
004466
004468
004474
004487
004488
004490
004493
004494
004495
004498
004499
004507
004509
004512
004518
004527
004528
004530
004532
004535
004539
004542
004552
004555
004558
004574
004581
004585
004588
004592
004600
004601
004606
004609
004618
004626
004630
004632
004647
004649
004652
004653
004654
004655
004660
004662
004672
004673
004674
004676
004682
004689
004692
004699
004707
004708
004719
004722
004727
004732
004746
004750
004761
004768
004770
004777
004785
004786
004788
004789
004796
004805
004812
004814
004816
004818
004825
004826
004831
004834
004839
004840
004850
004852
004856
004859
004863
004866
004867
004868
004872
004878
004886
004890
004895
004896
004903
004912
004916
004926
004928
004931
004935
004936
004938
004939
004943
004948
004950
004953
004954
004956
004960
004963
004967
004977
004982
004983
004985
004986
004994
004997
004998
004999
005003
005014
005028
005036
005037
005039
005042
005054
005055
005056
005062
005063
005064
005067
005072
005077
005079
005081
005085
005102
005104
005110
005111
005116
005128
005131
005135
005136
005144
005145
005146
005150
005159
005160
005161
005175
005176
005179
005185
005195
005199
005209
005210
005212
005214
005220
005222
005224
005229
005230
005239
005242
005248
005253
005254
005263
005264
005267
005268
005270
005274
005278
005281
005293
005298
005305
005306
005312
005314
005315
005319
005320
005325
005326
005328
005331
005340
005343
005346
005348
005349
005350
005352
005355
005365
005367
005370
005371
005378
005379
005380
005383
005384
005385
005393
005395
005397
005398
005407
005416
005418
005419
005421
005423
005429
005430
005431
005434
005436
005438
005439
005441
005454
005461
005465
005469
005470
005471
005475
005481
005485
005486
005497
005507
005510
005517
005518
005521
005522
005530
005531
005535
005539
005549
005550
005552
005554
005559
005573
005576
005577
005583
005584
005586
005588
005590
005593
005606
005608
005613
005614
005615
005618
005620
005629
005640
005641
005645
005647
005652
005653
005655
005657
005660
005662
005664
005672
005674
005676
005679
005682
005685
005687
005693
005696
005701
005702
005714
005716
005719
005723
005729
005732
005736
005741
005743
005747
005749
005755
005760
005761
005762
005768
005773
005779
005781
005788
005790
005791
005794
005799
005811
005812
005815
005818
005819
005825
005828
005829
005830
005839
005841
005845
005852
005853
005854
005856
005863
005868
005874
005875
005877
005878
005879
005894
005897
005906
005912
005914
005917
005919
005928
005940
005952
005954
005956
005963
005968
005970
005975
005979
005981
005985
005988
005989
005991
005995
005996
005998
006000
006001
006005
006012
006018
006026
006027
006028
006029
006035
006041
006042
006045
006046
006055
006058
006062
006069
006071
006084
006089
006097
006098
006107
006108
006111
006117
006120
006124
006125
006129
006133
006136
006139
006146
006148
006150
006151
006153
006159
006161
006163
006184
006185
006188
006190
006198
006201
006202
006203
006206
006209
006212
006214
006215
006216
006218
006219
006220
006222
006233
006234
006235
006240
006241
006249
006252
006254
006258
006259
006260
006269
006276
006277
006281
006282
006284
006286
006295
006296
006300
006301
006306
006309
006314
006318
006319
006321
006323
006325
006330
006335
006337
006338
006339
006346
006348
006350
006351
006355
006357
006377
006385
006387
006391
006392
006396
006398
006404
006409
006421
006424
006425
006428
006430
006437
006440
006443
006444
006445
006449
006450
006456
006463
006465
006468
006473
006480
006484
006488
006492
006497
006507
006509
006512
006519
006520
006529
006530
006532
006534
006538
006542
006543
006553
006562
006565
006570
006572
006575
006576
006578
006583
006584
006585
006587
006588
006593
006599
006603
006606
006611
006617
006618
006619
006621
006625
006628
006631
006632
006643
006645
006647
006657
006661
006664
006666
006667
006668
006670
006671
006673
006677
006678
006679
006681
006682
006687
006690
006696
006699
006702
006709
006718
006719
006722
006725
006730
006739
006747
006751
006759
006760
006761
006762
006765
006768
006769
006772
006783
006786
006789
006797
006799
006800
006802
006803
006808
006813
006814
006819
006821
006827
006828
006829
006835
006838
006841
006842
006850
006855
006859
006860
006862
006865
006867
006876
006878
006880
006884
006886
006892
006903
006908
006918
006922
006924
006932
006933
006934
006935
006940
006944
006945
006949
006952
006953
006956
006962
006963
006965
006966
006972
006981
006987
006988
006989
006990
006994
006995
007004
007008
007009
007020
007021
007022
007031
007035
007038
007042
007046
007048
007049
007052
007054
007056
007058
007059
007065
007068
007070
007071
007074
007077
007084
007086
007097
007100
007101
007104
007109
007114
007117
007122
007123
007132
007139
007140
007141
007144
007146
007147
007148
007149
007153
007162
007165
007167
007172
007174
007187
007189
007191
007200
007204
007208
007210
007211
007212
007215
007216
007217
007224
007227
007230
007236
007244
007245
007247
007249
007258
007259
007260
007266
007270
007274
007275
007276
007280
007283
007284
007292
007294
007296
007297
007299
007300
007302
007311
007314
007318
007329
007330
007343
007344
007346
007350
007356
007359
007363
007372
007374
007376
007383
007388
007390
007408
007414
007416
007422
007424
007427
007432
007433
007435
007436
007438
007439
007443
007445
007448
007449
007451
007457
007460
007461
007465
007470
007475
007480
007482
007484
007486
007489
007498
007506
007511
007517
007523
007525
007527
007528
007533
007537
007543
007546
007547
007551
007555
007559
007563
007568
007571
007576
007579
007585
007592
007603
007605
007612
007614
007615
007618
007622
007624
007626
007639
007640
007642
007647
007649
007650
007656
007657
007662
007664
007666
007668
007670
007671
007672
007673
007675
007677
007678
007679
007680
007682
007687
007688
007691
007694
007702
007705
007709
007712
007715
007720
007723
007724
007727
007732
007742
007743
007745
007746
007754
007758
007760
007763
007765
007768
007772
007773
007776
007779
007786
007793
007798
007799
007812
007813
007815
007824
007826
007833
007834
007841
007843
007845
007855
007856
007857
007865
007868
007869
007873
007886
007889
007890
007897
007899
007902
007909
007916
007919
007920
007921
007924
007928
007931
007933
007935
007943
007946
007947
007950
007954
007956
007958
007970
007971
007979
007984
007987
007997
007998
007999
008002
008009
008023
008024
008029
008031
008032
008033
008036
008048
008057
008060
008061
008068
008069
008085
008086
008087
008091
008100
008101
008103
008105
008107
008112
008115
008122
008125
008132
008138
008140
008141
008144
008151
008159
008160
008168
008171
008173
008175
008177
008180
008189
008190
008191
008200
008208
008209
008220
008222
008224
008225
008229
008236
008241
008244
008251
008258
008268
008275
008279
008281
008284
008285
008292
008293
008294
008295
008297
008299
008300
008306
008307
008318
008319
008320
008323
008326
008327
008329
008335
008345
008349
008355
008359
008364
008365
008368
008370
008376
008386
008387
008390
008410
008413
008415
008416
008423
008424
008429
008430
008433
008434
008438
008444
008450
008454
008461
008472
008484
008485
008492
008494
008498
008499
008502
008503
008509
008512
008513
008514
008518
008519
008521
008522
008524
008526
008534
008535
008541
008542
008553
008556
008557
008562
008564
008572
008573
008576
008582
008584
008586
008592
008601
008604
008606
008607
008608
008612
008620
008621
008624
008635
008636
008638
008639
008644
008647
008653
008654
008667
008680
008683
008687
008692
008695
008698
008701
008709
008713
008716
008717
008718
008722
008728
008730
008733
008739
008742
008747
008749
008752
008753
008759
008766
008769
008772
008773
008775
008793
008796
008799
008801
008805
008810
008817
008822
008823
008826
008831
008833
008835
008836
008837
008843
008848
008849
008854
008858
008859
008867
008871
008873
008874
008876
008880
008884
008888
008890
008892
008911
008913
008914
008917
008919
008921
008927
008931
008940
008942
008943
008951
008953
008955
008965
008976
008982
008983
008997
009002
009006
009007
009015
009019
009022
009024
009034
009035
009037
009039
009048
009051
009053
009060
009064
009072
009079
009085
009087
009089
009091
009094
009105
009112
009113
009116
009126
009128
009129
009131
009133
009138
009141
009147
009150
009151
009155
009157
009159
009162
009163
009168
009174
009177
009178
009179
009180
009186
009187
009189
009192
009193
009194
009195
009202
009212
009213
009221
009224
009236
009239
009244
009246
009247
009249
009250
009254
009268
009273
009278
009279
009281
009282
009286
009291
009303
009309
009312
009315
009323
009326
009330
009331
009334
009337
009347
009348
009349
009350
009351
009354
009368
009371
009373
009374
009375
009378
009382
009401
009405
009408
009412
009414
009433
009437
009438
009439
009440
009443
009445
009448
009454
009455
009456
009457
009459
009461
009464
009468
009470
009472
009477
009479
009480
009481
009484
009494
009500
009502
009507
009517
009519
009527
009531
009532
009533
009540
009543
009546
009550
009558
009560
009565
009567
009568
009571
009580
009586
009588
009591
009597
009598
009603
009611
009617
009619
009620
009627
009636
009641
009647
009649
009655
009658
009667
009670
009676
009678
009681
009685
009686
009687
009692
009695
009698
009699
009700
009706
009710
009711
009712
009719
009724
009726
009732
009737
009738
009743
009745
009746
009747
009748
009754
009758
009761
009764
009767
009772
009773
009778
009780
009781
009785
009794
009796
009801
009809
009816
009819
009822
009823
009831
009833
009836
009841
009858
009862
009863
009865
009870
009880
009881
009886
009894
009897
009898
009900
009902
009905
009908
009913
009917
009923
009932
009935
009939
009946
009947
009950
009954
009955
009958
